# Optical absorption spectrum of Chlorophyll a in methanol
#
# Data from PhotochemCAD 2.1a has been munged on  2 June 2017 by Scott Prahl to make
# the information available to non-Windows users.  Although I have tried to be as careful
# as possible, I may have introduced some error; the cautious user is advised to compare
# these results with the original sources at www.photochemcad.com:
#
# H. Du, R. A. Fuh, J. Li, A. Corkan, J. S. Lindsey, "PhotochemCAD: A computer-aided design
#     and research tool in photochemistry," Photochem. Photobiol., 68, 141-142, 1998. 
# J. M. Dixon, M. Taniguchi and J. S. Lindsey "PhotochemCAD 2. A refined program with accompanying 
#     spectral databases for photochemical calculations", Photochem. Photobiol., 81, 212-213, 2005.
#
# The spectral absorption measurements were made by J. Li on 12-11-1997 using a Cary 3.  
# The absorption values were collected using a spectral bandwidth of 1.0 nm, a signal averaging time of 0.133 sec, a data interval of 0.25 nm, and a scan rate of 112.5 nm/min.
#
# These measurements were scaled to make the molar extinction coefficient match
# the value of 111700 cm-1/M at 417.8 nm.  These values were 
# then interpolated to report extinction coefficients at regular 1nm intervals
#
# The reported molar extinction coefficient is from
# Strain, H. H., M. R. Thomas and J. J. Katz (1963) Spectral absorption properties of ordinary and fully deuteriated chlorophylls a and b.  Biochim. Biophys. Acta 75, 306-311.
#
##Wavelength (nm)	Molar Extinction (cm-1/M) 
219.75	59792
220	58929
220.25	58954
220.5	58596
220.75	58677
221	58490
221.25	57767
221.5	58551
221.75	57099
222	57544
222.25	57342
222.5	57267
222.75	56913
223	57260
223.25	55199
223.5	56651
223.75	55831
224	55397
224.25	55017
224.5	55308
224.75	54066
225	54470
225.25	53620
225.5	53315
225.75	53639
226	53476
226.25	52696
226.5	53722
226.75	52520
227	52222
227.25	51987
227.5	50995
227.75	51147
228	50971
228.25	51002
228.5	51002
228.75	49725
229	49923
229.25	49780
229.5	49186
229.75	49534
230	49388
230.25	48983
230.5	47642
230.75	48359
231	48095
231.25	48337
231.5	46883
231.75	46300
232	46437
232.25	45525
232.5	45452
232.75	44891
233	44444
233.25	44297
233.5	43430
233.75	43350
234	42940
234.25	41648
234.5	40722
234.75	40482
235	41093
235.25	40919
235.5	39811
235.75	39648
236	38990
236.25	38748
236.5	38367
236.75	37327
237	37426
237.25	36611
237.5	37021
237.75	36759
238	35563
238.25	35914
238.5	35685
238.75	34792
239	34812
239.25	33973
239.5	34551
239.75	33556
240	33749
240.25	33385
240.5	33201
240.75	32527
241	32309
241.25	31937
241.5	32346
241.75	31474
242	32232
242.25	31090
242.5	30453
242.75	29977
243	30250
243.25	29981
243.5	29750
243.75	28912
244	28958
244.25	28508
244.5	28492
244.75	28143
245	27918
245.25	27481
245.5	27286
245.75	27282
246	26706
246.25	26289
246.5	26057
246.75	25705
247	25850
247.25	25274
247.5	25503
247.75	25055
248	24733
248.25	25408
248.5	24976
248.75	24699
249	24648
249.25	24550
249.5	24264
249.75	24485
250	23924
250.25	23751
250.5	23706
250.75	23252
251	23275
251.25	22728
251.5	22603
251.75	22563
252	22712
252.25	22569
252.5	22080
252.75	21751
253	21407
253.25	21912
253.5	21408
253.75	21086
254	21101
254.25	20762
254.5	19917
254.75	20101
255	20517
255.25	19721
255.5	19982
255.75	19696
256	19596
256.25	19414
256.5	19502
256.75	18888
257	19277
257.25	18745
257.5	18839
257.75	18992
258	18734
258.25	18632
258.5	18498
258.75	18496
259	18395
259.25	18345
259.5	18099
259.75	18197
260	17933
260.25	18086
260.5	18238
260.75	17946
261	18240
261.25	18543
261.5	17970
261.75	18727
262	18347
262.25	18736
262.5	18617
262.75	18901
263	18645
263.25	17889
263.5	18488
263.75	18317
264	18198
264.25	18496
264.5	18399
264.75	18383
265	18553
265.25	18856
265.5	18465
265.75	18844
266	18689
266.25	18961
266.5	19027
266.75	18740
267	18357
267.25	18387
267.5	19151
267.75	18692
268	18922
268.25	19027
268.5	19178
268.75	19040
269	19168
269.25	19472
269.5	19204
269.75	19714
270	19286
270.25	19264
270.5	19247
270.75	19615
271	19809
271.25	19707
271.5	19401
271.75	19923
272	19348
272.25	19605
272.5	20046
272.75	19988
273	19722
273.25	20156
273.5	20011
273.75	20163
274	20470
274.25	20021
274.5	20341
274.75	20133
275	20523
275.25	20677
275.5	20479
275.75	20246
276	20175
276.25	20189
276.5	20782
276.75	20585
277	20426
277.25	20316
277.5	20302
277.75	20384
278	20619
278.25	20032
278.5	20740
278.75	19925
279	19825
279.25	20155
279.5	20315
279.75	20171
280	19774
280.25	19920
280.5	20094
280.75	20606
281	20435
281.25	19670
281.5	19623
281.75	19778
282	19630
282.25	19708
282.5	19838
282.75	19343
283	20516
283.25	19590
283.5	20040
283.75	19594
284	19632
284.25	19372
284.5	19352
284.75	19323
285	19548
285.25	18815
285.5	19517
285.75	18938
286	18970
286.25	19215
286.5	19370
286.75	19098
287	18630
287.25	19067
287.5	18635
287.75	18395
288	18610
288.25	18919
288.5	19098
288.75	18303
289	18626
289.25	18560
289.5	18642
289.75	18738
290	18434
290.25	18174
290.5	18457
290.75	17921
291	18054
291.25	18151
291.5	18049
291.75	18000
292	18012
292.25	17974
292.5	17736
292.75	17593
293	17738
293.25	17604
293.5	17752
293.75	17915
294	17573
294.25	17200
294.5	17340
294.75	17302
295	17495
295.25	16987
295.5	17131
295.75	16988
296	16528
296.25	17071
296.5	17211
296.75	17069
297	17088
297.25	17334
297.5	17640
297.75	17059
298	17289
298.25	17162
298.5	17199
298.75	16961
299	17351
299.25	17499
299.5	17615
299.75	17224
300	17585
300.25	17122
300.5	17434
300.75	17091
301	17746
301.25	17775
301.5	17632
301.75	17850
302	17921
302.25	18074
302.5	18184
302.75	17808
303	18230
303.25	18055
303.5	17712
303.75	18222
304	18037
304.25	17876
304.5	18338
304.75	18262
305	17898
305.25	18411
305.5	18348
305.75	18549
306	19027
306.25	18398
306.5	18780
306.75	18873
307	19211
307.25	19378
307.5	18903
307.75	19392
308	19247
308.25	19364
308.5	18745
308.75	19655
309	19151
309.25	19486
309.5	19607
309.75	19424
310	19448
310.25	19949
310.5	19877
310.75	19840
311	20087
311.25	20076
311.5	19456
311.75	20266
312	20229
312.25	20350
312.5	19838
312.75	19970
313	20289
313.25	19981
313.5	20328
313.75	20477
314	20458
314.25	20760
314.5	20560
314.75	20759
315	20774
315.25	20460
315.5	21286
315.75	20358
316	21325
316.25	21104
316.5	21320
316.75	20998
317	20683
317.25	21263
317.5	21047
317.75	21134
318	21443
318.25	21480
318.5	20880
318.75	21509
319	21159
319.25	20774
319.5	20866
319.75	21460
320	20719
320.25	21524
320.5	21411
320.75	21256
321	20623
321.25	20674
321.5	21057
321.75	20767
322	20571
322.25	20733
322.5	20455
322.75	21039
323	21028
323.25	20376
323.5	20728
323.75	21187
324	20767
324.25	21073
324.5	20840
324.75	21045
325	20423
325.25	20628
325.5	20462
325.75	21098
326	21204
326.25	20614
326.5	20380
326.75	20273
327	20485
327.25	20430
327.5	19976
327.75	20344
328	20497
328.25	20661
328.5	20097
328.75	19955
329	19660
329.25	20395
329.5	19827
329.75	20202
330	19952
330.25	20295
330.5	20128
330.75	20059
331	19712
331.25	20184
331.5	19883
331.75	19971
332	19457
332.25	20065
332.5	19962
332.75	20069
333	19858
333.25	20078
333.5	20297
333.75	18881
334	19972
334.25	19815
334.5	19919
334.75	19373
335	19737
335.25	19736
335.5	20033
335.75	18892
336	19792
336.25	19472
336.5	19400
336.75	19478
337	20016
337.25	19586
337.5	19770
337.75	19657
338	19879
338.25	19852
338.5	19346
338.75	20070
339	19609
339.25	20006
339.5	19367
339.75	20255
340	19788
340.25	19853
340.5	20407
340.75	20696
341	19864
341.25	20800
341.5	20317
341.75	20150
342	20312
342.25	19855
342.5	20533
342.75	20563
343	20431
343.25	20248
343.5	20188
343.75	20528
344	20194
344.25	20565
344.5	20749
344.75	21145
345	20822
345.25	20972
345.5	21598
345.75	20697
346	21160
346.25	21210
346.5	21536
346.75	22207
347	21729
347.25	21894
347.5	21698
347.75	22192
348	21787
348.25	22563
348.5	22477
348.75	22157
349	22780
349.25	23405
349.5	22471
349.75	22710
350	22942
350.25	23049
350.5	23581
350.75	23661
351	23657
351.25	23327
351.5	23530
351.75	23799
352	24150
352.25	24340
352.5	24577
352.75	24494
353	23931
353.25	25126
353.5	25014
353.75	24694
354	25319
354.25	24955
354.5	25647
354.75	25629
355	25709
355.25	25828
355.5	26071
355.75	26070
356	26062
356.25	26326
356.5	26512
356.75	27010
357	27068
357.25	27477
357.5	26922
357.75	27297
358	27828
358.25	28083
358.5	27696
358.75	28357
359	28334
359.25	28655
359.5	28925
359.75	28986
360	29121
360.25	29018
360.5	29895
360.75	29927
361	29660
361.25	30390
361.5	30085
361.75	30668
362	30685
362.25	31091
362.5	31208
362.75	31454
363	31303
363.25	31877
363.5	32139
363.75	32301
364	32139
364.25	32440
364.5	32837
364.75	33089
365	33467
365.25	33422
365.5	33772
365.75	33792
366	33981
366.25	34188
366.5	34521
366.75	34817
367	34644
367.25	35109
367.5	34949
367.75	35318
368	35574
368.25	35742
368.5	35918
368.75	35889
369	36503
369.25	36337
369.5	36450
369.75	36549
370	37075
370.25	37183
370.5	37643
370.75	37556
371	37709
371.25	38345
371.5	38129
371.75	38836
372	38688
372.25	38384
372.5	38627
372.75	39122
373	38988
373.25	39647
373.5	39296
373.75	39479
374	39844
374.25	40034
374.5	40498
374.75	40518
375	40550
375.25	40755
375.5	40775
375.75	41116
376	41269
376.25	41323
376.5	41758
376.75	41790
377	41776
377.25	42051
377.5	42227
377.75	42545
378	42151
378.25	42936
378.5	43032
378.75	43202
379	43604
379.25	43503
379.5	44068
379.75	43818
380	44338
380.25	44342
380.5	44402
380.75	44801
381	44940
381.25	45224
381.5	45162
381.75	45854
382	45822
382.25	45941
382.5	46692
382.75	46813
383	46769
383.25	47085
383.5	47260
383.75	47857
384	48197
384.25	48338
384.5	48426
384.75	48953
385	49328
385.25	49666
385.5	50081
385.75	49996
386	50688
386.25	51540
386.5	51765
386.75	51814
387	52296
387.25	52792
387.5	53559
387.75	54167
388	54796
388.25	54943
388.5	55349
388.75	56150
389	56507
389.25	57118
389.5	57405
389.75	57968
390	58651
390.25	59189
390.5	59698
390.75	60874
391	60792
391.25	61759
391.5	62081
391.75	62615
392	63313
392.25	63570
392.5	64549
392.75	64831
393	65459
393.25	66060
393.5	66806
393.75	67487
394	68156
394.25	68459
394.5	68983
394.75	69598
395	69779
395.25	70297
395.5	70894
395.75	71045
396	71287
396.25	71601
396.5	72006
396.75	72458
397	72727
397.25	73015
397.5	73560
397.75	73868
398	74188
398.25	74281
398.5	74691
398.75	74913
399	75184
399.25	75043
399.5	75158
399.75	75673
400	75612
400.25	76521
400.5	76597
400.75	76584
401	76400
401.25	76948
401.5	76939
401.75	77180
402	77603
402.25	77939
402.5	77494
402.75	78058
403	78597
403.25	78899
403.5	79215
403.75	79381
404	79430
404.25	79748
404.5	79909
404.75	80290
405	81178
405.25	81959
405.5	81381
405.75	81838
406	82318
406.25	82593
406.5	83200
406.75	83719
407	84311
407.25	84716
407.5	85397
407.75	86248
408	86913
408.25	87654
408.5	88194
408.75	89127
409	89837
409.25	89987
409.5	91448
409.75	92130
410	92894
410.25	93518
410.5	94661
410.75	95422
411	96554
411.25	97110
411.5	98218
411.75	99575
412	99818
412.25	100587
412.5	101036
412.75	102132
413	102794
413.25	103439
413.5	104757
413.75	105119
414	105342
414.25	106613
414.5	107350
414.75	107776
415	108519
415.25	108670
415.5	109772
415.75	110064
416	110236
416.25	110230
416.5	110491
416.75	111094
417	110856
417.25	111740
417.5	111575
417.75	111891
418	110933
418.25	110931
418.5	110946
418.75	110282
419	110466
419.25	109779
419.5	108910
419.75	108466
420	107236
420.25	106986
420.5	106136
420.75	105693
421	104360
421.25	103077
421.5	102046
421.75	101161
422	99829
422.25	98302
422.5	97374
422.75	95736
423	94412
423.25	92918
423.5	91466
423.75	89820
424	88638
424.25	87073
424.5	85281
424.75	83298
425	82013
425.25	80380
425.5	78797
425.75	76598
426	74992
426.25	73213
426.5	71072
426.75	69646
427	68132
427.25	66176
427.5	64287
427.75	62539
428	60767
428.25	58886
428.5	57223
428.75	55696
429	53623
429.25	52032
429.5	50686
429.75	49060
430	47221
430.25	45747
430.5	44037
430.75	42729
431	41267
431.25	40133
431.5	38531
431.75	37373
432	35707
432.25	34644
432.5	33634
432.75	32590
433	31136
433.25	30088
433.5	29064
433.75	27937
434	26830
434.25	25872
434.5	24835
434.75	23994
435	22958
435.25	21962
435.5	21400
435.75	20472
436	19753
436.25	19170
436.5	18345
436.75	17820
437	17175
437.25	16716
437.5	16025
437.75	15405
438	15126
438.25	14705
438.5	14305
438.75	13856
439	13722
439.25	13120
439.5	12727
439.75	12255
440	12069
440.25	11848
440.5	11417
440.75	11381
441	11033
441.25	10611
441.5	10382
441.75	10096
442	9946
442.25	9633
442.5	9736
442.75	9551
443	9012
443.25	8979
443.5	8507
443.75	8487
444	8475
444.25	8101
444.5	7915
444.75	7789
445	7909
445.25	7384
445.5	7518
445.75	7116
446	7064
446.25	6744
446.5	6719
446.75	6775
447	6572
447.25	6413
447.5	6214
447.75	6234
448	5994
448.25	5758
448.5	5881
448.75	5645
449	5469
449.25	5362
449.5	5578
449.75	5141
450	5207
450.25	5116
450.5	4994
450.75	5042
451	4901
451.25	4727
451.5	4712
451.75	4581
452	4591
452.25	4503
452.5	4401
452.75	4256
453	4331
453.25	4229
453.5	4130
453.75	4232
454	4104
454.25	3823
454.5	3920
454.75	3857
455	3871
455.25	3921
455.5	3707
455.75	3837
456	3641
456.25	3679
456.5	3641
456.75	3563
457	3487
457.25	3462
457.5	3678
457.75	3410
458	3481
458.25	3333
458.5	3365
458.75	3392
459	3265
459.25	3157
459.5	3243
459.75	3323
460	3269
460.25	3357
460.5	3284
460.75	3368
461	3077
461.25	3199
461.5	3239
461.75	3339
462	3074
462.25	3208
462.5	3146
462.75	3166
463	3222
463.25	3185
463.5	3288
463.75	3180
464	3287
464.25	3148
464.5	3205
464.75	3230
465	3227
465.25	3202
465.5	3177
465.75	3196
466	3213
466.25	3203
466.5	3249
466.75	3310
467	3260
467.25	3157
467.5	3184
467.75	3230
468	3249
468.25	3321
468.5	3317
468.75	3321
469	3078
469.25	3283
469.5	3236
469.75	3203
470	3176
470.25	3225
470.5	3305
470.75	3359
471	3338
471.25	3342
471.5	3352
471.75	3344
472	3184
472.25	3232
472.5	3351
472.75	3256
473	3355
473.25	3336
473.5	3388
473.75	3322
474	3227
474.25	3330
474.5	3249
474.75	3326
475	3214
475.25	3295
475.5	3267
475.75	3321
476	3353
476.25	3231
476.5	3314
476.75	3318
477	3408
477.25	3362
477.5	3233
477.75	3272
478	3179
478.25	3241
478.5	3470
478.75	3428
479	3495
479.25	3367
479.5	3501
479.75	3301
480	3433
480.25	3385
480.5	3221
480.75	3452
481	3560
481.25	3462
481.5	3388
481.75	3400
482	3356
482.25	3326
482.5	3401
482.75	3289
483	3440
483.25	3411
483.5	3424
483.75	3469
484	3352
484.25	3451
484.5	3475
484.75	3586
485	3509
485.25	3547
485.5	3551
485.75	3604
486	3734
486.25	3764
486.5	3610
486.75	3579
487	3661
487.25	3731
487.5	3633
487.75	3790
488	3655
488.25	3870
488.5	3841
488.75	3935
489	3946
489.25	4047
489.5	4088
489.75	4011
490	4137
490.25	4034
490.5	4042
490.75	4020
491	4311
491.25	4278
491.5	4280
491.75	4246
492	4308
492.25	4370
492.5	4373
492.75	4533
493	4472
493.25	4606
493.5	4579
493.75	4623
494	4651
494.25	4616
494.5	4677
494.75	4851
495	4864
495.25	4928
495.5	4887
495.75	5177
496	5124
496.25	5212
496.5	5139
496.75	5162
497	5194
497.25	5348
497.5	5272
497.75	5355
498	5405
498.25	5475
498.5	5394
498.75	5539
499	5534
499.25	5550
499.5	5690
499.75	5653
500	5772
500.25	5760
500.5	5823
500.75	5806
501	5828
501.25	5678
501.5	5848
501.75	5854
502	5967
502.25	5969
502.5	5894
502.75	5971
503	6052
503.25	6000
503.5	5953
503.75	6060
504	6235
504.25	6321
504.5	6253
504.75	6167
505	6281
505.25	6295
505.5	6044
505.75	6196
506	6209
506.25	6310
506.5	6285
506.75	6239
507	6327
507.25	6317
507.5	6168
507.75	6341
508	6299
508.25	6503
508.5	6207
508.75	6296
509	6175
509.25	6119
509.5	6094
509.75	6142
510	6097
510.25	6108
510.5	6146
510.75	6071
511	6060
511.25	5886
511.5	5840
511.75	5835
512	5802
512.25	5873
512.5	5805
512.75	5858
513	5717
513.25	5828
513.5	5676
513.75	5858
514	5700
514.25	5589
514.5	5694
514.75	5779
515	5801
515.25	5630
515.5	5613
515.75	5653
516	5826
516.25	5682
516.5	5659
516.75	5519
517	5717
517.25	5807
517.5	5753
517.75	5662
518	5728
518.25	5810
518.5	5708
518.75	5747
519	5549
519.25	5622
519.5	5702
519.75	5852
520	5811
520.25	5971
520.5	5816
520.75	6006
521	5795
521.25	5951
521.5	5837
521.75	5921
522	6091
522.25	5902
522.5	6158
522.75	6068
523	6195
523.25	6142
523.5	6236
523.75	6337
524	6233
524.25	6285
524.5	6323
524.75	6558
525	6360
525.25	6441
525.5	6590
525.75	6650
526	6487
526.25	6688
526.5	6812
526.75	6696
527	6738
527.25	6868
527.5	6805
527.75	6961
528	6879
528.25	7002
528.5	7135
528.75	7259
529	7142
529.25	7395
529.5	7358
529.75	7429
530	7459
530.25	7479
530.5	7469
530.75	7577
531	7508
531.25	7734
531.5	7724
531.75	7764
532	7656
532.25	7685
532.5	7789
532.75	7940
533	7716
533.25	7813
533.5	7912
533.75	7975
534	8109
534.25	8138
534.5	8028
534.75	8158
535	8127
535.25	8163
535.5	8091
535.75	8106
536	8064
536.25	7943
536.5	7961
536.75	7828
537	7918
537.25	7911
537.5	7893
537.75	7986
538	7859
538.25	7651
538.5	7664
538.75	7595
539	7433
539.25	7552
539.5	7412
539.75	7421
540	7336
540.25	7280
540.5	7120
540.75	7234
541	7098
541.25	7089
541.5	7000
541.75	6911
542	6840
542.25	6720
542.5	6667
542.75	6546
543	6648
543.25	6411
543.5	6654
543.75	6314
544	6311
544.25	6149
544.5	6175
544.75	6258
545	6119
545.25	6082
545.5	6105
545.75	5830
546	5899
546.25	5760
546.5	5772
546.75	5734
547	5756
547.25	5848
547.5	5779
547.75	5564
548	5610
548.25	5565
548.5	5563
548.75	5503
549	5696
549.25	5561
549.5	5396
549.75	5415
550	5629
550.25	5418
550.5	5542
550.75	5564
551	5519
551.25	5553
551.5	5600
551.75	5609
552	5508
552.25	5628
552.5	5528
552.75	5557
553	5619
553.25	5544
553.5	5634
553.75	5744
554	5727
554.25	5878
554.5	5669
554.75	5650
555	5852
555.25	5763
555.5	5901
555.75	5636
556	5758
556.25	5776
556.5	5772
556.75	5806
557	5835
557.25	5959
557.5	6026
557.75	5860
558	5965
558.25	6005
558.5	5951
558.75	5929
559	6059
559.25	6008
559.5	6108
559.75	6112
560	6171
560.25	6231
560.5	6212
560.75	6253
561	6199
561.25	6260
561.5	6089
561.75	6204
562	6237
562.25	6193
562.5	6156
562.75	6276
563	6279
563.25	6218
563.5	6331
563.75	6364
564	6253
564.25	6194
564.5	6342
564.75	6374
565	6269
565.25	6271
565.5	6286
565.75	6310
566	6246
566.25	6325
566.5	6318
566.75	6376
567	6171
567.25	6084
567.5	6322
567.75	6290
568	6187
568.25	6212
568.5	6242
568.75	6182
569	6257
569.25	6201
569.5	6252
569.75	6236
570	6054
570.25	6109
570.5	6285
570.75	5919
571	6182
571.25	6036
571.5	5949
571.75	5892
572	5859
572.25	5806
572.5	5744
572.75	6021
573	5542
573.25	5786
573.5	5672
573.75	5698
574	5743
574.25	5650
574.5	5436
574.75	5516
575	5437
575.25	5457
575.5	5477
575.75	5290
576	5408
576.25	5248
576.5	5338
576.75	5377
577	5242
577.25	5233
577.5	5110
577.75	4912
578	5142
578.25	5054
578.5	5227
578.75	5142
579	5058
579.25	4921
579.5	4931
579.75	4928
580	4913
580.25	4915
580.5	5031
580.75	4968
581	4995
581.25	4947
581.5	5067
581.75	4856
582	4770
582.25	4879
582.5	4816
582.75	4903
583	4777
583.25	4956
583.5	4808
583.75	4893
584	4849
584.25	4996
584.5	5034
584.75	4962
585	5029
585.25	5064
585.5	5168
585.75	5057
586	5171
586.25	5038
586.5	5118
586.75	5142
587	5192
587.25	5299
587.5	5206
587.75	5248
588	5365
588.25	5529
588.5	5578
588.75	5575
589	5757
589.25	5643
589.5	5744
589.75	5680
590	5755
590.25	5942
590.5	6017
590.75	5977
591	5944
591.25	5935
591.5	6150
591.75	6237
592	6321
592.25	6409
592.5	6623
592.75	6539
593	6573
593.25	6726
593.5	6790
593.75	6870
594	6912
594.25	6996
594.5	7177
594.75	7158
595	7315
595.25	7345
595.5	7327
595.75	7314
596	7436
596.25	7593
596.5	7642
596.75	7638
597	7765
597.25	7776
597.5	7846
597.75	7898
598	8081
598.25	8133
598.5	8103
598.75	8169
599	8407
599.25	8387
599.5	8377
599.75	8397
600	8506
600.25	8471
600.5	8483
600.75	8578
601	8773
601.25	8491
601.5	8613
601.75	8657
602	8620
602.25	8791
602.5	8935
602.75	8778
603	8874
603.25	8981
603.5	9074
603.75	8960
604	9108
604.25	8933
604.5	9039
604.75	9031
605	9029
605.25	9086
605.5	8880
605.75	9020
606	8974
606.25	9059
606.5	9056
606.75	8878
607	9090
607.25	8833
607.5	8943
607.75	9023
608	9062
608.25	8968
608.5	9134
608.75	8964
609	8932
609.25	8763
609.5	8889
609.75	8924
610	8720
610.25	8824
610.5	8748
610.75	8594
611	8696
611.25	8605
611.5	8692
611.75	8521
612	8471
612.25	8515
612.5	8601
612.75	8309
613	8252
613.25	8212
613.5	8197
613.75	7933
614	7958
614.25	8016
614.5	7829
614.75	7880
615	8003
615.25	7759
615.5	7782
615.75	7754
616	7867
616.25	7628
616.5	7471
616.75	7596
617	7498
617.25	7462
617.5	7461
617.75	7331
618	7477
618.25	7235
618.5	7196
618.75	7239
619	7225
619.25	7024
619.5	7050
619.75	7172
620	6861
620.25	6956
620.5	6882
620.75	6836
621	6876
621.25	6758
621.5	6746
621.75	6703
622	6865
622.25	6709
622.5	6918
622.75	6759
623	6641
623.25	6634
623.5	6524
623.75	6605
624	6574
624.25	6764
624.5	6601
624.75	6686
625	6513
625.25	6562
625.5	6720
625.75	6560
626	6453
626.25	6539
626.5	6276
626.75	6504
627	6427
627.25	6471
627.5	6517
627.75	6747
628	6651
628.25	6489
628.5	6545
628.75	6599
629	6726
629.25	6604
629.5	6734
629.75	6730
630	6695
630.25	6678
630.5	6539
630.75	6733
631	6690
631.25	6718
631.5	6859
631.75	6874
632	7037
632.25	7154
632.5	7166
632.75	7134
633	7034
633.25	7337
633.5	7373
633.75	7409
634	7407
634.25	7571
634.5	7303
634.75	8044
635	8073
635.25	7979
635.5	8037
635.75	8033
636	8349
636.25	8540
636.5	8667
636.75	8787
637	8919
637.25	8993
637.5	9210
637.75	9427
638	9367
638.25	9634
638.5	9643
638.75	9760
639	9925
639.25	10151
639.5	10242
639.75	10556
640	10991
640.25	10942
640.5	11351
640.75	11658
641	11695
641.25	12032
641.5	12412
641.75	12675
642	12802
642.25	13328
642.5	13484
642.75	13956
643	14031
643.25	14372
643.5	14584
643.75	14976
644	15496
644.25	15771
644.5	15918
644.75	16412
645	16814
645.25	17252
645.5	17482
645.75	17825
646	18416
646.25	18762
646.5	19160
646.75	19382
647	19916
647.25	20506
647.5	20629
647.75	21010
648	21270
648.25	21669
648.5	21861
648.75	22035
649	22803
649.25	22854
649.5	23440
649.75	23834
650	24413
650.25	24547
650.5	25269
650.75	25398
651	25795
651.25	26513
651.5	26513
651.75	26672
652	27265
652.25	27474
652.5	27943
652.75	28397
653	29075
653.25	29175
653.5	29587
653.75	29736
654	30001
654.25	30044
654.5	30253
654.75	30502
655	30695
655.25	31075
655.5	31244
655.75	31530
656	31691
656.25	31716
656.5	31713
656.75	31856
657	32093
657.25	32326
657.5	32198
657.75	32432
658	32522
658.25	32636
658.5	32563
658.75	32503
659	32625
659.25	32888
659.5	32691
659.75	32738
660	32635
660.25	32656
660.5	32500
660.75	32490
661	32342
661.25	32372
661.5	32362
661.75	32162
662	31973
662.25	32231
662.5	31707
662.75	31666
663	31642
663.25	31446
663.5	31237
663.75	30974
664	30685
664.25	30433
664.5	30379
664.75	30109
665	29915
665.25	29812
665.5	29334
665.75	28972
666	28587
666.25	28439
666.5	28208
666.75	28003
667	27242
667.25	27119
667.5	27020
667.75	26367
668	26030
668.25	25707
668.5	25385
668.75	24841
669	24230
669.25	23981
669.5	23381
669.75	23215
670	22450
670.25	22438
670.5	21929
670.75	21352
671	20745
671.25	20144
671.5	19854
671.75	19136
672	18560
672.25	18489
672.5	17754
672.75	17081
673	16761
673.25	16130
673.5	15414
673.75	15088
674	14453
674.25	14184
674.5	13419
674.75	13186
675	12682
675.25	12365
675.5	12041
675.75	11443
676	11167
676.25	10551
676.5	10382
676.75	10040
677	9519
677.25	9372
677.5	9010
677.75	8672
678	8451
678.25	8163
678.5	7951
678.75	7321
679	7366
679.25	6858
679.5	6701
679.75	6609
680	6440
680.25	6072
680.5	5803
680.75	5631
681	5405
681.25	5322
681.5	5177
681.75	4945
682	4754
682.25	4624
682.5	4370
682.75	4352
683	4347
683.25	3988
683.5	3796
683.75	3877
684	3797
684.25	3336
684.5	3570
684.75	3324
685	3253
685.25	3087
685.5	3013
685.75	2992
686	2847
686.25	2723
686.5	2680
686.75	2765
687	2578
687.25	2621
687.5	2384
687.75	2464
688	2531
688.25	2299
688.5	2190
688.75	2362
689	2246
689.25	2025
689.5	1990
689.75	2078
690	2043
690.25	1711
690.5	2016
690.75	1694
691	1977
691.25	1820
691.5	1588
691.75	2018
692	1769
692.25	1485
692.5	1626
692.75	1494
693	1482
693.25	1449
693.5	1454
693.75	1630
694	1513
694.25	1510
694.5	1155
694.75	1490
695	1252
695.25	1266
695.5	1253
695.75	1219
696	1182
696.25	1176
696.5	1135
696.75	1327
697	916
697.25	991
697.5	1034
697.75	1163
698	1099
698.25	1078
698.5	1258
698.75	883
699	1018
699.25	706
699.5	741
699.75	996
700	865
